Solution
Cluster 0: 118(0) 117(1) 153(2) 177(3) 191(4) 158(5) 151(6) 31(7) 133(8) 96(9) 184(10) 198(11) 114(12) 44(13) 3(14) 88(15) 39(16) 135(17) 164(18) 144(19) 195(20) 
Cluster 1: 188(0) 73(1) 92(2) 115(3) 0(4) 186(5) 32(6) 147(7) 42(8) 107(9) 163(10) 146(11) 6(12) 53(13) 66(14) 40(15) 69(16) 
Cluster 2: 122(0) 59(1) 131(2) 154(3) 111(4) 159(5) 121(6) 48(7) 33(8) 76(9) 194(10) 166(11) 124(12) 178(13) 190(14) 60(15) 181(16) 196(17) 149(18) 17(19) 99(20) 81(21) 
Cluster 3: 141(0) 136(1) 120(2) 95(3) 82(4) 18(5) 64(6) 132(7) 34(8) 75(9) 185(10) 21(11) 98(12) 109(13) 142(14) 8(15) 4(16) 157(17) 162(18) 25(19) 91(20) 
Cluster 4: 174(0) 68(1) 36(2) 199(3) 108(4) 51(5) 130(6) 72(7) 150(8) 104(9) 1(10) 156(11) 23(12) 9(13) 46(14) 12(15) 176(16) 175(17) 180(18) 65(19) 
Cluster 5: 45(0) 26(1) 171(2) 187(3) 126(4) 167(5) 22(6) 28(7) 179(8) 189(9) 127(10) 2(11) 50(12) 94(13) 197(14) 86(15) 27(16) 152(17) 161(18) 52(19) 128(20) 134(21) 
Cluster 6: 103(0) 58(1) 67(2) 79(3) 62(4) 97(5) 169(6) 93(7) 140(8) 24(9) 14(10) 47(11) 193(12) 41(13) 119(14) 20(15) 87(16) 57(17) 106(18) 
Cluster 7: 16(0) 90(1) 38(2) 155(3) 80(4) 143(5) 123(6) 100(7) 110(8) 182(9) 29(10) 170(11) 105(12) 63(13) 78(14) 113(15) 172(16) 11(17) 19(18) 71(19) 37(20) 
Cluster 8: 101(0) 77(1) 183(2) 70(3) 10(4) 74(5) 85(6) 102(7) 137(8) 30(9) 145(10) 138(11) 7(12) 54(13) 148(14) 160(15) 55(16) 116(17) 
Cluster 9: 139(0) 192(1) 49(2) 35(3) 56(4) 13(5) 15(6) 168(7) 112(8) 89(9) 43(10) 5(11) 173(12) 83(13) 84(14) 165(15) 61(16) 125(17) 129(18) 
Check number nodes: OK
Check connected: OK
Cluster 0 :
sumCExpectationValue = 1.8107816014711062 - 1.8107816014711062
sumFamiliarityDeviation = 25 - 25
minDispersion = 2830.05619110608 - 2830.05619110608
totalCostOfCluster = 17140.837792577186 17140.837792577186
Cluster 1 :
sumCExpectationValue = 0.0 - 0.0
sumFamiliarityDeviation = 17 - 17
minDispersion = 2623.225104662962 - 2623.225104662962
totalCostOfCluster = 11123.225104662963 11123.225104662963
Cluster 2 :
sumCExpectationValue = 0.0 - 0.0
sumFamiliarityDeviation = 27 - 27
minDispersion = 2615.9108631679946 - 2615.9108631679946
totalCostOfCluster = 16115.910863167996 16115.910863167996
Cluster 3 :
sumCExpectationValue = 3.3320853233123273 - 3.3320853233123273
sumFamiliarityDeviation = 19 - 19
minDispersion = 3461.291663098491 - 3461.291663098491
totalCostOfCluster = 16293.376986410818 16293.376986410818
Cluster 4 :
sumCExpectationValue = 0.0 - 0.0
sumFamiliarityDeviation = 20 - 20
minDispersion = 3234.5122239594452 - 3234.5122239594452
totalCostOfCluster = 13234.512223959446 13234.512223959446
Cluster 5 :
sumCExpectationValue = 3.0421388892280703 - 3.0421388892280703
sumFamiliarityDeviation = 21 - 21
minDispersion = 3946.3113453452183 - 3946.3113453452183
totalCostOfCluster = 17488.450234573287 17488.450234573287
Cluster 6 :
sumCExpectationValue = 0.0 - 0.0
sumFamiliarityDeviation = 14 - 14
minDispersion = 2958.6403133093268 - 2958.6403133093268
totalCostOfCluster = 9958.640313309326 9958.640313309326
Cluster 7 :
sumCExpectationValue = 2.810655147678233 - 2.810655147678233
sumFamiliarityDeviation = 23 - 23
minDispersion = 2825.6739770842155 - 2825.6739770842155
totalCostOfCluster = 17136.329124762447 17136.329124762447
Cluster 8 :
sumCExpectationValue = 2.724001404335155 - 2.724001404335155
sumFamiliarityDeviation = 18 - 18
minDispersion = 2715.697830227963 - 2715.697830227963
totalCostOfCluster = 14439.699234563119 14439.699234563119
Cluster 9 :
sumCExpectationValue = 0.3513847584847767 - 0.3513847584847767
sumFamiliarityDeviation = 16 - 16
minDispersion = 2692.686093535478 - 2692.686093535478
totalCostOfCluster = 11044.070852020255 11044.070852020255
totalCost: 143975.05273000686 - 143975.05273000686
----------------------------------
Solution
Cluster 0: 117(1) 153(2) 158(5) 31(7) 96(9) 184(10) 198(11) 114(12) 44(13) 88(15) 39(16) 135(17) 164(18) 
Cluster 1: 73(1) 92(2) 115(3) 0(4) 186(5) 32(6) 147(7) 42(8) 107(9) 163(10) 146(11) 6(12) 53(13) 66(14) 40(15) 69(16) 
Cluster 2: 122(0) 59(1) 131(2) 154(3) 111(4) 121(6) 48(7) 33(8) 76(9) 194(10) 166(11) 178(13) 190(14) 60(15) 149(18) 17(19) 81(21) 
Cluster 3: 141(0) 136(1) 120(2) 82(4) 18(5) 64(6) 34(8) 75(9) 185(10) 109(13) 142(14) 8(15) 4(16) 157(17) 162(18) 25(19) 91(20) 
Cluster 4: 174(0) 68(1) 36(2) 199(3) 51(5) 130(6) 72(7) 150(8) 104(9) 156(11) 23(12) 9(13) 46(14) 12(15) 176(16) 65(19) 
Cluster 5: 45(0) 26(1) 187(3) 126(4) 22(6) 28(7) 179(8) 189(9) 127(10) 2(11) 50(12) 94(13) 197(14) 86(15) 161(18) 52(19) 128(20) 134(21) 
Cluster 6: 103(0) 58(1) 67(2) 79(3) 97(5) 140(8) 24(9) 14(10) 47(11) 193(12) 41(13) 20(15) 87(16) 57(17) 
Cluster 7: 16(0) 90(1) 38(2) 155(3) 143(5) 123(6) 100(7) 29(10) 105(12) 78(14) 11(17) 19(18) 37(20) 
Cluster 8: 77(1) 183(2) 70(3) 10(4) 74(5) 85(6) 102(7) 137(8) 30(9) 145(10) 138(11) 54(13) 55(16) 116(17) 
Cluster 9: 139(0) 35(3) 56(4) 13(5) 15(6) 168(7) 112(8) 89(9) 43(10) 5(11) 173(12) 83(13) 165(15) 61(16) 
Check number nodes: OK
Check connected: OK
Cluster 0 :
sumCExpectationValue = 36.69428513793862 - 36.69428513793861
sumFamiliarityDeviation = 13 - 13
minDispersion = 1660.3095997605078 - 1660.3095997605074
totalCostOfCluster = 44854.594737699124 44854.59473769911
Cluster 1 :
sumCExpectationValue = 3.2867757249353673 - 3.2867757249353744
sumFamiliarityDeviation = 15 - 15
minDispersion = 2598.9136670248467 - 2598.9136670248467
totalCostOfCluster = 13385.689391960213 13385.68939196022
Cluster 2 :
sumCExpectationValue = 11.569848576893868 - 11.56984857689389
sumFamiliarityDeviation = 19 - 19
minDispersion = 1911.903200391845 - 1911.9032003918453
totalCostOfCluster = 22981.751777285714 22981.751777285735
Cluster 3 :
sumCExpectationValue = 14.416248021335107 - 14.416248021335107
sumFamiliarityDeviation = 16 - 16
minDispersion = 2670.942249817147 - 2670.9422498171466
totalCostOfCluster = 25087.190271152256 25087.190271152256
Cluster 4 :
sumCExpectationValue = 3.715053480056781 - 3.7150534800567954
sumFamiliarityDeviation = 15 - 15
minDispersion = 2357.664957767781 - 2357.6649577677804
totalCostOfCluster = 13572.718437824562 13572.718437824575
Cluster 5 :
sumCExpectationValue = 9.7176133588993 - 9.717613358899321
sumFamiliarityDeviation = 15 - 15
minDispersion = 3333.1968483045857 - 3333.1968483045857
totalCostOfCluster = 20550.810207203886 20550.810207203907
Cluster 6 :
sumCExpectationValue = 20.004144310210442 - 20.004144310210442
sumFamiliarityDeviation = 9 - 9
minDispersion = 2259.5843975015346 - 2259.584397501535
totalCostOfCluster = 26763.728707711976 26763.728707711976
Cluster 7 :
sumCExpectationValue = 26.978705527390957 - 26.97870552739097
sumFamiliarityDeviation = 10 - 10
minDispersion = 1722.8426695941894 - 1722.8426695941885
totalCostOfCluster = 33701.548196985146 33701.54819698516
Cluster 8 :
sumCExpectationValue = 14.483693781580904 - 14.48369378158094
sumFamiliarityDeviation = 13 - 13
minDispersion = 1934.5297312225985 - 1934.529731222599
totalCostOfCluster = 22918.223512803503 22918.22351280354
Cluster 9 :
sumCExpectationValue = 26.31301009191006 - 26.31301009191006
sumFamiliarityDeviation = 10 - 10
minDispersion = 1909.809554755907 - 1909.8095547559071
totalCostOfCluster = 33222.819646665965 33222.819646665965
totalCost: 257039.07488729237 - 257039.07488729243
List node remove: 1 3 7 21 27 49 62 63 71 80 84 93 95 98 99 101 106 108 110 113 118 119 124 125 129 132 133 144 148 151 152 159 160 167 169 170 171 172 175 177 180 181 182 188 191 192 195 196 
Number nodes remove: 48
